0.00 2.15 0.70 1.07 0.85 1.16 1.56
2.15 0.00 1.53 1.14 1.38 1.01 2.83
0.70 1.53 0.00 0.43 0.21 0.55 1.86
1.07 1.14 0.43 0.00 0.29 0.22 2.04
0.85 1.38 0.21 0.29 0.00 0.41 2.02
1.16 1.01 0.55 0.22 0.41 0.00 2.05
1.56 2.83 1.86 2.04 2.02 2.05 0.00

Menor Valor:
0.21
Indices del menor Valor en la Matriz: 
(2, 4)
Matrix Reducida:
0.00 2.15 1.07 1.16 1.56 0.70
2.15 0.00 1.14 1.01 2.83 1.38
1.07 1.14 0.00 0.22 2.04 0.29
1.16 1.01 0.22 0.00 2.05 0.41
1.56 2.83 2.04 2.05 0.00 1.86
0.70 1.38 0.29 0.41 1.86 0.00

Menor Valor:
0.22
Indices del menor Valor en la Matriz: 
(2, 3)
Matrix Reducida:
0.00 2.15 1.56 0.70 1.07
2.15 0.00 2.83 1.38 1.01
1.56 2.83 0.00 1.86 2.04
0.70 1.38 1.86 0.00 0.29
1.07 1.01 2.04 0.29 0.00

Menor Valor:
0.29
Indices del menor Valor en la Matriz: 
(3, 4)
Matrix Reducida:
0.00 2.15 1.56 0.70
2.15 0.00 2.83 1.01
1.56 2.83 0.00 1.86
0.70 1.01 1.86 0.00

Menor Valor:
0.7
Indices del menor Valor en la Matriz: 
(0, 3)
Matrix Reducida:
0.00 2.83 1.01
2.83 0.00 1.56
1.01 1.56 0.00

Menor Valor:
1.01
Indices del menor Valor en la Matriz: 
(0, 2)
Matrix Reducida:
0.00 1.56
1.56 0.00
