0.00 2.15 0.10 1.07 0.85 1.00 1.56
2.15 0.00 1.53 1.14 1.38 1.01 2.83
0.10 1.53 0.00 0.43 0.10 0.55 1.86
1.07 1.14 0.43 0.00 0.29 0.22 2.04
0.85 1.38 0.10 0.29 0.00 0.41 2.02
1.00 1.01 0.55 0.22 0.41 0.00 2.00
1.56 2.83 1.86 2.04 2.02 2.00 0.00

Menor Valor:
0.1
Indices del menor Valor en la Matriz: 
(0, 2)
Matrix Reducida:
0.00 1.14 1.38 1.01 2.83 1.84
1.14 0.00 0.29 0.22 2.04 0.75
1.38 0.29 0.00 0.41 2.02 0.47
1.01 0.22 0.41 0.00 2.00 0.78
2.83 2.04 2.02 2.00 0.00 1.71
1.84 0.75 0.47 0.78 1.71 0.00

Menor Valor:
0.22
Indices del menor Valor en la Matriz: 
(1, 3)
Matrix Reducida:
0.00 1.38 2.83 1.84 1.07
1.38 0.00 2.02 0.47 0.35
2.83 2.02 0.00 1.71 2.02
1.84 0.47 1.71 0.00 0.76
1.07 0.35 2.02 0.76 0.00

Menor Valor:
0.35
Indices del menor Valor en la Matriz: 
(1, 4)
Matrix Reducida:
0.00 2.83 1.84 1.23
2.83 0.00 1.71 2.02
1.84 1.71 0.00 0.62
1.23 2.02 0.62 0.00

Menor Valor:
0.6187499999999999
Indices del menor Valor en la Matriz: 
(2, 3)
Matrix Reducida:
0.00 2.83 1.53
2.83 0.00 1.86
1.53 1.86 0.00

Menor Valor:
1.53375
Indices del menor Valor en la Matriz: 
(0, 2)
Matrix Reducida:
0.00 2.35
2.35 0.00
