Avg
Menor Valor:
6.208849
Indices del menor Valor en la Matriz:
(2, 4)
Menor Valor:
10.474156
Indices del menor Valor en la Matriz:
(2, 4)
Menor Valor:
14.332659
Indices del menor Valor en la Matriz:
(1, 2)
Menor Valor:
17.3012735
Indices del menor Valor en la Matriz:
(0, 2)
Menor Valor:
25.163309
Indices del menor Valor en la Matriz:
(1, 2)
Menor Valor:
31.375163437500003
Indices del menor Valor en la Matriz:
(1, 2)
Matrix cofenetica de Avg
0.000000 31.375163 17.301274 31.375163 17.301274 31.375163 31.375163 45.750899
31.375163 0.000000 31.375163 25.163309 31.375163 14.332659 25.163309 45.750899
17.301274 31.375163 0.000000 31.375163 6.208849 31.375163 31.375163 45.750899
31.375163 25.163309 31.375163 0.000000 31.375163 25.163309 10.474156 45.750899
17.301274 31.375163 6.208849 31.375163 0.000000 31.375163 31.375163 45.750899
31.375163 14.332659 31.375163 25.163309 31.375163 0.000000 25.163309 45.750899
31.375163 25.163309 31.375163 10.474156 31.375163 25.163309 0.000000 45.750899
45.750899 45.750899 45.750899 45.750899 45.750899 45.750899 45.750899 0.000000


Max
Menor Valor:
6.208849
Indices del menor Valor en la Matriz:
(2, 4)
Menor Valor:
10.474156
Indices del menor Valor en la Matriz:
(2, 4)
Menor Valor:
14.332659
Indices del menor Valor en la Matriz:
(1, 2)
Menor Valor:
18.047724
Indices del menor Valor en la Matriz:
(0, 2)
Menor Valor:
30.288998
Indices del menor Valor en la Matriz:
(1, 2)
Menor Valor:
41.621436
Indices del menor Valor en la Matriz:
(1, 2)
Matrix cofenetica de Max
0.000000 41.621436 18.047724 41.621436 18.047724 41.621436 41.621436 50.113661
41.621436 0.000000 41.621436 30.288998 41.621436 14.332659 30.288998 50.113661
18.047724 41.621436 0.000000 41.621436 6.208849 41.621436 41.621436 50.113661
41.621436 30.288998 41.621436 0.000000 41.621436 30.288998 10.474156 50.113661
18.047724 41.621436 6.208849 41.621436 0.000000 41.621436 41.621436 50.113661
41.621436 14.332659 41.621436 30.288998 41.621436 0.000000 30.288998 50.113661
41.621436 30.288998 41.621436 10.474156 41.621436 30.288998 0.000000 50.113661
50.113661 50.113661 50.113661 50.113661 50.113661 50.113661 50.113661 0.000000


Min
Menor Valor:
6.208849
Indices del menor Valor en la Matriz:
(2, 4)
Menor Valor:
10.474156
Indices del menor Valor en la Matriz:
(2, 4)
Menor Valor:
14.332659
Indices del menor Valor en la Matriz:
(1, 2)
Menor Valor:
16.554823
Indices del menor Valor en la Matriz:
(0, 2)
Menor Valor:
19.18476
Indices del menor Valor en la Matriz:
(1, 3)
Menor Valor:
20.91773
Indices del menor Valor en la Matriz:
(1, 2)
Matrix cofenetica de Min
0.000000 20.917730 16.554823 19.184760 16.554823 20.917730 19.184760 39.618122
20.917730 0.000000 20.917730 20.917730 20.917730 14.332659 20.917730 39.618122
16.554823 20.917730 0.000000 19.184760 6.208849 20.917730 19.184760 39.618122
19.184760 20.917730 19.184760 0.000000 19.184760 20.917730 10.474156 39.618122
16.554823 20.917730 6.208849 19.184760 0.000000 20.917730 19.184760 39.618122
20.917730 14.332659 20.917730 20.917730 20.917730 0.000000 20.917730 39.618122
19.184760 20.917730 19.184760 10.474156 19.184760 20.917730 0.000000 39.618122
39.618122 39.618122 39.618122 39.618122 39.618122 39.618122 39.618122 0.000000


Min distance:
0.866545
Max distance:
0.854027
Promedio ponderado:
0.900822
Estrategia Ganador es Distancia Promedio
0.900822
